Queries for Stack Exchange Data Explorer:
1.
select top 500 *
from Posts
where PostTypeId = 1
and AnswerCount > 0
and Tags like '%python%'

2.
select *
from Posts
where PostTypeId = 2
and ParentId in (a list of ids from query 1)

Final query:
select *
from Posts
where PostTypeId = 2
and ParentId in (31247458,31247460,13941,7833668,15679261,15678988,31247510,23507320,15679272,23507408,7833533,15679067,31247578,23507365,31247587,15679359,23507481,31247430,23507492,38963698,15679406,38963711,15679162,38963734,31247647,38963631,20927,38963653,31247678,7833715,39867462,16131208,39867464,31769514,7833807,31769525,31247763,31247768,7833831,942148,20794,23993681,31266550,24982969,39660132,38957961,24982993,38957964,8121142,8022337,8022342,32491545,15670559,38957908,16301356,15670586,40018348,40018351,39267793,23500040,38958212,38958048,38958233,15670751,15670760,15670525,38958114,7825361,31239904,31239911,7825395,23500173,4942,23500202,31239302,5102,31239322,31239329,5909,7828717,31243002,5966,31243014,31243044,31243052,31242920,7825991,15674026,15674037,7828867,7828891,23503326,31243172,23503486,31243290,12591,12592,15674576,7829188,15674601,15674602,7829200,12692,31243352,31243355,7829007,7829212,31243476,31243376,31243388,38960631,23503667,7829279,7829311,15674410,38960708,15674412,38960714,38961251,23503725,38961252,31244268,23507666,38961284,38961293,38963751,15674701,23507779,38961327,38961360,31247878,15675469,38963816,38963822,7833919,38963838,38963841,38963857,31244238,15679672,38963882,15679454,15679467,15679719,15679734,23508577,23508582,23508596,23507731,15679526,15679762,23507883,38964528,15679782,31247820,21454,7834907,23508732,31247829,38964578,31248615,15680583,7834990,15680593,15684178,7835030,23512030,31251807,31251808,31251881,31251871,31251876,15680809,31251915,15684473,31251933,15680836,23512010,15684335,15684605,38967581,31252022,38967478,31252037,38967599,38967666,38967533,7838241,38967678,31252107,31252155,38967833,7838290,23512095,7838401,7838356,23512160,15684557,31252263,31252265,38967706,38967729,23512339,31412,23512276,7838564,7838606,15684662,7838629,15684687,23512452,38967979,7838667,23512469,23512479,31252473,31252284,23512509,31252296,23512525,15684842,31252320,31340,31253148,31252353,31252359,31252360,31253156,15685631,31253163,15684881,23513305,15685682,31256159,31253229,7839723,31256174,7839786,7838758,23516515,38435,23516520,23516527,38508,31256091,23516649,23516664,23516680,38971898,38971926,15688744,31256157,38972011,23516574,31256238,38972052,15688954,31256252,31256444,23516828,38601,7843786,31256450,31256269,31256469,31256286,23516914,15689151,38972209,38987,7843891,39086,38972245,39104,31256360,31256397,38972380,15689237,31256583,23516703,15688887,38972493,15688889,15688898,15689260,38972503,31256484,38973452,15689290,23518088,7844118,38973433,15690185,38972419,15690071,15690201,31257446,31257457,38972452,7844187,31257478,15693448,31257489,31260814,15690224,38976893,7845274,23521273,48562,48458,31260982,23521345,48777,41547,31260899,31260988,31260915,7849145,31260935,48884,15693529,15693703,31261376,7849169,7849077,31261047,15693735,31261448,15693565,38977005,7849117,38977008,15693756,31261068,15693597,31261477,15693605,49137,31261528,31261123,15693633,31261543,38977041,23521361,38977169,49146,38977184,15693808,23521652,31261600,49164,23521463,49195,15693859,15693880,23521511,49307,49455,15693900,23521600,38977285,31261664,15693938,7850908,38977401,38977344,38978160,23521847,38977360,31262702,38978163,38977457,38978174,38978182,38977472,23522570,23522728,38977525,38977390,51412,38978073,38978084,23522781,51502,51520,51553,58294,7854945,15699666,15695846,38981503,31266658,31266687,7855099,31266868,31266760,15699814,15699551,38981700,31266768,31266899,15699566,15699836,7855229,23526265,31266930,38981765,38981885,7855235,23526280,7855237,31266964,7855293,38981912,23526204,23526308,38981814,38981915,31266969,23526309,15699964,7855343,38981847,58622,31267030,58711,31267147,31267148,31267073,23526486,31267174,7856843,31268373,15700109,38982763,15700128,7855534,38981977,23526384,38982776,7856853,38982784,23526390,38982807,23526410,38982002,31267080,23527435,31268331,7857000,31268359,31268364,23527600,15701312,15705434,7861299,15705439,38986202,61151,23527680,23531496,15701356,23527738,38986205,7861208,7856918,15705491,38986217,38986225,15705511,7856949,38986113,38986235,38986117,31272409,31268453,38986244,38986341,15705546,38986342,38986343,31272427,38986344,38986261,15705577,31268494,38986369,38986403,67631,68477,15705630,15705719,38986427,23531807,38986525,38986527,23531812,23531555,15705745,23531825)
