Queries for Stack Exchange Data Explorer:
1.
select top 1000 Id,PostTypeId,ParentId,Body,AnswerCount
from Posts
where PostTypeId = 1
and AnswerCount > 0
and Tags like '%python%'

2.
select Id,PostTypeId,ParentId,Body,AnswerCount
from Posts
where PostTypeId = 2
and ParentId in (a list of ids from query 1)

Final query:
select *
from Posts
where PostTypeId = 2
and ParentId in (16423025,31602160,15782500,31602174,31602200,7821005,31427431,16940971,7821030,40004386,31486204,31391294,39531367,17238087,31391344,49307,16746546,7801280,17019235,31378017,31378025,24618318,23962925,15679454,31378062,15679467,31378137,31378288,15679672,15679526,39185978,39185985,15679719,7801387,39185999,39701779,39186000,31378347,15679734,21934,39186067,21961,39186071,39186031,39186043,22059,15679762,31377979,15679782,22149,39186161,39186169,39186182,39186183,39186262,31378424,31378469,39186201,31378478,7801729,31378481,39186206,39186207,39186503,39186521,31378517,22617,22676,7801586,31378389,39186447,7801903,39186665,15680081,39186812,39186692,39186822,39186610,7801984,7801991,31378728,39186843,39186716,39186719,39186850,39186852,39186647,39186863,23521847,39187009,39186906,39187012,15680129,39187018,7802085,39187030,39187032,39187040,39187042,39187043,15680308,23521910,39187055,15680334,7802160,23521938,23521942,7802360,15680463,7802366,39187149,7802418,7802265,7802384,7802459,39187192,7802711,15680583,39187220,7802504,15680809,39186984,15680593,15680836,39187089,39187275,7802789,39187408,15681153,7802589,7803082,7802882,39187532,39187535,7802981,7803235,39187123,7803121,7802893,7803425,15681266,15681028,7803284,39187327,15681287,15681054,39187360,39187365,7803493,7803496,39187374,15681083,39187382,39187797,7803520,39187438,15681366,39187581,39187394,7803523,39187449,39187809,15681387,39187726,39187477,39187738,39187764,39187765,39187770,39187952,39187875,15681667,39187958,39187788,39188042,39187886,7803539,39188070,39188001,39188007,23522023,15681802,39188198,23522055,7803765,31378780,7803776,15682025,7803799,31378804,7804011,7804186,7804096,39188136,39188137,23907,31378859,31378861,23397,23526265,23522163,15684605,39189272,31381003,31381009,15684662,39189324,15684335,15684687,27567,15684881,15684473,15684178,23526204,15684842,15685152,15685174,15685005,15684557,23539594,15685505,15685509,15685063,15685534,31391400,15685088,31391422,49455,39200026,15685631,15685682,7821265,15685695,31391478,31391490,7821316,31391527,49824,31391665,23539748,39200165,23539956,39200177,23539793,7821498,15699092,7821518,31391553,39200229,23539832,31391721,31391729,15699142,39200256,15699143,31391748,31391592,31391766,49926,23540052,39200444,15699225,23540135,31391829,31391830,7821589,31391852,31392016,31392017,31391873,7821613,31392035,7821628,39200644,31392049,50394,7821661,7821669,31392054,7821977,31392057,15699303,50499,39200695,31392083,31392089,31392105,50568,39200802,7822064,23540309,23540310,23540499,7822101,50923,39200873,39200882,39200888,39200897,39200898,23540395,23540398,15699666,39200937,15699551,51010,15699566,7822207,39201004,7822249,23540675,15699964,39201093,31392453,39201171,31392472,51212,51233,31392505,31392282,15699814,31392285,15699836,51412,31392310,31392319,23540768,51502,31392361,51520,23540828,23540977,51553,15700109,23540870,15700128,51658,39201474,39201498,39201437,39201526,39201533,31392589,31392590,15700351,7822546,31392597,15700359,7822799,23541288,31392668,31392966,31392770,31392678,31392686,23541421,31392688,23541080,31393006,31392838,31393014,23541131,39201610,7822956,31392883,39201631,31392891,31392899,23541178,39201679,15700627,31393037,23541630,23541497,31393074,31393079,53027,23541670,39201740,23541684,15700726,39201749,31393203,39201783,23541567,23541568,23541578,31393122,31393276,31393284,39201828,31393286,52844,31393315,15700945,39201869,31393322,52652,31393334,39201892,15700854,31393364,39202058,23545282,7826586,7823505,7823545,31396047,7823549,7826604,7826608,31396052,31396058,31396061,31396074,39205527,15704760,39205528,31396083,7826651,15704871,31396106,15704873,15704812,23545404,39205598,39205607,15704943,39205793,39205815,39205668,39205710,31396226,31396268,31396272,31396291,31396252,31396293,39205874,31396294,39205906,15705111,31396419,39205925,31396365,15705032,39205979,7826955,23545628,31396403,23545662,59648,23545633,15705318,31396409,39206020,23545749,31396596,59825,31396617,15717954,23545834,39218466,23545855,15717997,15718134,15718006,15718142,23558176,7827108,31409298,31409333,7840525,31409344,31409347,23558320,31409366,31409389,39218491,83983,31409477,23558478,39218556,23558488,15718068,31409494,15718087,31409506,31409565,31409510,7840825,15718390,15718392,7840858,31409635,23558621,23558630,7840911,7840936,84340,7840975,7840784,7840811,7841017,15718591,39218742,23558567,39218743,31409719,39218768,39218781,39218783,31409767,39218842,39218958,39218862,39218863,39218979,39218872,15718663,15718667,39218880,15718887,39219023,15718893,39219065,85119,31409997,31410010,31409884,31410043,23559289,31410047,39219302,31410061,85577,15718908,7841463,15718922,23559049,23559212,31410282,39219253,15719058,15719086,31410224,31410314,85451,7841573,7841722,7841577,39219414,85985,39219424,31410334,31410356,15719171,15719172,31410359,15719178,39219509,31410388,39219526,39219532,7841812,86134,15719314,39219761,39219810,39219705,15719509,39219821,15719519,31410419,15719576,31410462,31410640,23559650,23559626,31410525,39219722,31410710,39219732,7842044,31410723,7842120,23559864,39219944,39219957,7842157,23559765,31410683,15719667,15719830,15719675,39220205,39220086,15719682,39220215,39220227,15719885,39220102,39220120,7842538,31410826,7842377,15719928,15719930,39220365,23560104,31410922,23560139,39220504,15720095,39220524,23560161,23560168,15720119,15720120,31410972,23560235,15720262,23560403,15720273,39220293,31411045,31411047,31411049,15720039,31411092,7842753,23560250,23560254,15720345,31411115,7842640,31411132,31411137,15720403,7842852,39220660,87522,31411200,39220428,31411447,39220929,31411330,87317,31411523,23560583,39220985,31411653,23560587,7842919,23560658,23560665,23560705,23560728,15720670,15720593,15720700,23560567,23560794,7846564,31411625,93710,23563982,15723562,31414527,39224328,39224335,93930,15723628,15723630,31414619,39224388,31414675,39224453,94153,7847014,94334,15723825,39224501,7847089,94490,31414782,31414830,39224702,39224611,39224706,23564225,39224745,23564260,39224762,39224764,39224780,7847440,23564373,15723898,120250,15723911,31414924,15723963,39238234,15737993,31414949,15724000,39238298,39238323,15738086,39238340,23577314,23577320,31427501,7861671,39238384,23577339,39238400,39238201,23577370,23577505,39238437,15738267,15738184,15738214,7861774,7861775,7861920,7861930,31427649,120584,31427677,120886,39238639,39238469,39238648,39238475,120926,31427736,120656,31427742,120657,39238675,39238497,120951,39238707,23577724,121025,31427779,31427786,23577791,23577849,23577852,31427841,23577831,39238782,31427862,23577911,7861972,15738794,15738617,39238812,31427892,39238838,23578018,7862018,7862113,7862119,15738700,15738884,15738725,23578111,23578114,15738743,39238847,31427971,39238867,39238872,23578180,39238884,31428018,121396,7862275,121439,31428123,23578230,39238984,23578312,39238942,23578320,15738904,23578388,23578396,7862362,31428158,15738946,15739047,31428200,31428223,15739086,31428298,15739089,15739029,7862549,39239087,31428349,23578415,7862587,31428368,122033,39239182,23578456,23578596,39239203,23578623,7862621,23578502,23578662,7862656,122277,23578541,23578564,122327,23578736,31428431,31428576,31428581,15739287,23578753,31428479,15739310,23578778,15739324,23578819,15739357,7863054,31428726,122763,122524,7863077,31428783,39239506,7863118,7863128,7862899,15739863,39239361,7862987,39239398,7863224,39239425,39239440,31428869,31428876,23579025,31429038,7863316,39239620,39239627,31428946,7863394,7863464,7863471,123499,39239665,39239667,39239685,7863500,39239704,123198,39239696,15739990,23579088,39239748,39239775,7863584,31429231,39239823,31429146,15740236,23579215,23579227,15740134,15740137,23579446,31429215,39240051,123958,23579385,15740579,23579631,31429365,39240080,15740464,124108,39240146,124171,31429452,39240178,39240211,23579946,39240238,39240242,31429719,23579794,39240286,7863932,39240325,23579989,39240329,15740682,23580003,39240340,23580009,15740689,31429641,7863986,23579898,31429663,31429678,39240657,124604,31429796,15740932,7864180,7864103,15740964,31429829,124692,31429849,31433031,7867977,31433071,7864285,7868025,31433104,39240463,39243905,39243912,39243933,23580086,39243961,130074,39244007,23583508,15744495,23580176,23583521,130262,15744520,7868215,31433195,15744604,31433219,31433220,31433225,39244232,23583617,39244063,39244082,39244091,23583649,23583743,15744880,23583767,23583791,23583903,23583913,7868254,7868554,130587,31433377,31433391,130618,31433393,39244407,7868572,130763,31433422,31433426,39244310,39244320,31446102,23584170,23584178,39244358,39244364,39244380,39257884,31433577,15744983,7884959,15759681,23584204,15745011,15759710,39257950,39257988,23583998,39257990)
